Elemento 0, scale = 2.000000e+02, size = 4
[[ 1.  0. -1.  0.]
 [ 0.  0.  0.  0.]
 [-1.  0.  1.  0.]
 [ 0.  0.  0.  0.]]
Elemento 1, scale = 2.000000e+02, size = 4
[[ 0.  0.  0.  0.]
 [ 0.  1.  0. -1.]
 [ 0.  0.  0.  0.]
 [ 0. -1.  0.  1.]]
Elemento 2, scale = 7.071068e+01, size = 4
[[ 1.  1. -1. -1.]
 [ 1.  1. -1. -1.]
 [-1. -1.  1.  1.]
 [-1. -1.  1.  1.]]


Matriz Global , scale factor = 2.707107e+02
[[ 1.          0.26120387 -0.73879613  0.         -0.26120387 -0.26120387]
 [ 0.26120387  0.26120387  0.          0.         -0.26120387 -0.26120387]
 [-0.73879613  0.          0.73879613  0.          0.          0.        ]
 [ 0.          0.          0.          0.73879613  0.         -0.73879613]
 [-0.26120387 -0.26120387  0.          0.          0.26120387  0.26120387]
 [-0.26120387 -0.26120387  0.         -0.73879613  0.26120387  1.        ]]

 su determinante: 0.000000e+00