# X Y
0.000    1.0
0.020   1.02
0.040   1.04
0.061   1.06
0.081   1.08
0.101    1.1
0.121   1.12
0.141   1.14
0.162   1.16
0.182   1.18
0.202    1.2
0.222   1.22
0.242   1.24
0.263   1.26
0.283   1.28
0.303    1.3
0.323   1.32
0.343   1.34
0.364   1.36
0.384   1.38
0.404    1.4
0.424   1.42
0.444   1.44
0.465   1.46
0.485   1.48
0.505   1.51
0.525   1.53
0.545   1.55
0.566   1.57
0.586   1.59
0.606   1.61
0.626   1.63
0.646   1.65
0.667   1.67
0.687   1.69
0.707   1.71
0.727   1.73
0.747   1.75
0.768   1.77
0.788   1.79
0.808   1.81
0.828   1.83
0.848   1.85
0.869   1.87
0.889   1.89
0.909   1.91
0.929   1.93
0.949   1.95
0.970   1.97
0.990   1.99
1.010   2.04
1.030   2.12
1.051    2.2
1.071   2.28
1.091   2.36
1.111   2.44
1.131   2.53
1.152   2.61
1.172   2.69
1.192   2.77
1.212   2.85
1.232   2.93
1.253   3.01
1.273   3.09
1.293   3.17
1.313   3.25
1.333   3.33
1.354   3.41
1.374   3.49
1.394   3.58
1.414   3.66
1.434   3.74
1.455   3.82
1.475    3.9
1.495   3.98
1.515   4.06
1.535   4.14
1.556   4.22
1.576    4.3
1.596   4.38
1.616   4.46
1.636   4.55
1.657   4.63
1.677   4.71
1.697   4.79
1.717   4.87
1.737   4.95
1.758   5.03
1.778   5.11
1.798   5.19
1.818   5.27
1.838   5.35
1.859   5.43
1.879   5.52
1.899    5.6
1.919   5.68
1.939   5.76
1.960   5.84
1.980   5.92
2.000    6.0
